958574857388457994
898678593083809796
978873737032134677
765098217632432150
1015799741503766628
982776553970761738
1015799841193992283
900146636456599554
1026742837754208347
688550602476617739
983282414828789804
688156595817021545
895893320465797150
836997128475377664
979676803478196235
958575082349936700
941521769225941002
952584942368477255
1022969347200794684
947391089751502849
753155638372335617
934595661813395496
981371575863500880
730600208928473111
1027776222324854836
974832451115446344
706167247265202186
986866709849858058
946650784861421568
962184541877985310
1029519408038682674
965371845836677150
721114990572208180
947394572915453954
1028141378158469162
861508381759242250
917256440652107796
974089445911429190
685674955802673174
918635955924140053
1027421481434611733
965856057857552404
916834758334488576
976199782953525259
1026742156200792145
689673232584146990
810735259410235392
978078663578890270
992881642714706000
989431814944854036
1016550028942266480
967629377519095849
992245046340493313
1015769750711844974
889367111145762836
911042511072546876
953854986016673802
1025259588985036900
1001734426838974484
974708940841566269
1002043969074638968
905668591544860713
986830087787798529
1018302822221103165
998107611666841681
969657429669347328
904971395430228019
974481249739616256
981760964577873920
1011712780296007771
753845049477038121
931343061743722576
974703277117673602
718288451895558154
966530189414768661
925561580777779220
975270812292640858
952773794324422676
1027055900852240456
967253227567464469
989439604992114709
716525910244982854
961457586480246804
944888000012255252
887555774841257985
917969360478437387
1029987994507161600
734200029933338644
953866795675177080
1025224592291287040
717166503300038656
971902484270440448
691459216904290355
1022985413167681536
990534839528738826
702700339446546472
1029985242955657236
818048094906089482
897687114437759006
762187000131878944
973040667334967318
836053725775659018
1026683687854690396
817961645136937020
1010757803847204924
700176930498150472
711752129999798332
949810478249549826
836018961820155945
1011713494846021662
956024559415468042
1018700198358294568
691455241102688307
900228295910649869
687909029636603920
973043055219339374
973706254910386236
966175733879828500
964538411753041920
946626248694698004
909995142155477022
1022981731197923440
987832490020458616
1002436713274155098
906783959151689788
985404949494132748
945828651486826506
952714752700870676
1026321715527159829
967982194138181682
899098042978930738
818772239305932811
944735100376068146
940427302909669429
762810307801907271
917259596974944267
962884185981337621
1022969453387993228
985332340899319829
1022263125417934878
954493497145192479
960001822062420018
692545314057486386
946630185707524096
875875212363698224
973709108056313886
762145420247040008
693288749773226046
942937825991614474
950646792544989194
1025636021607608340
832808224809418772
952711062103408670
861508446930731028
908269367526031380
698671977841295390
1028184943223918694
950235513216987186
1002448044333219840
704050010505084970
1024527166253305886
1025499895295115274
974703950303465492
745048862456152165
758867014973521962
989033180059283517
966528427052109905
1026985046856441898
1008631909200441426
974703457057505321
1017185920635633725
969735755163398184
712453318378782794
759667987782434836
779941262261223424
749841342338695209
948371546890707045
1011406272844812379
949374161053167646
1026683588252540999
1018258051960148112
953833239385100348
1024081598217470013
969428709243224145
893340403552645191
816819970130182154
764678216602222663
809630023631765514
991535972309278863
762138440174796821
762135750245351495
944377580641992755
1030659143129903135
1026226769742790676
1000575318752501770
965856115520860200
1021616774665474048
900211916042010624
710925616311959622
940385165836955748
961371415163052135
964538351686385694
1015097098967986238
985829262357561354
997387445064716330
908061914901393438
961457448579915866
737499932529000527
998113354881171546
981353120556785715
956347186004774995
840022247422951436
1020104893966590073
1020188701088817152
1028813823907463180
990463220428984330
905658794334359585
948121888478093312
965854875403575338
697499635438190782
947384298745499708
975599879969710153
770892342466707487
957043546639188060
989385506011885678
944811392597372988
975869962692489346
987848805225463919
981630849705459783
692781367775461447
836054841142935563
963814774657912832
905562503025655899
1027839141746053130
733814657692860417
1000575554279444622
992972011066380298
880281239913893909
1014955140232527882
691173931343806494
982836154091073548
961277202165559368
987291318768254986
961612325675229184
980337570749771807
685406569373892641
989747225057968178
974873068671496212
691168232534441994
818056866302132225
1001706633568735263
992968692180717608
990521135483457567
1018346226866982922
685647843939319813
989390821717602334
1017229925578723448
973043377350271016
957107372390760488
961868990286790716
819091276984221717
886800433455181834
781597787958935582
734225460858191963
1000538567245836408
937552263440912384
952291595229732954
832645010486853713
871112904689221633
713892559276998767
701288826814857237
952379227376865280
1013861647686828114
941567959816634378
997677730432827442
709268171546427433
987879767338549298
1021198143154561055
944398726569525278
718280184758796318
695156204015452170
929485995290787871
1022341877099405372
763523863908712448
948429179408515173
1019034317109874789
1028813893478395924
919107594918969414
1023718065940201553
762144523043995658
1013887510407036948
1024514177299120219
763413338121830400
952393380686606396
978876395717541958
1007902766078902382
787959172024369212
1005260274930032760
1015050904061362226
991510543468859412
1015034295913545788
781598462596218901
971176095737077823
898728375600955422
936835528928657468
949145860980236308
946668801968201778
937771854607843358
946959763940450344
765124504102895626
983274328638500864
995890276205867058
688577899271684107
850802810866237480
1001239038969262131
932104796486402108
999846455391039488
691458297592545392
985406781540958248
1025615252949315604
985717693275570287
986829683821805588
688554981259083818
986832568961880164
942966968531701761
937618893072113664
1015819526383870032
696203967499337770
762174025882796052
986129608732729384
1000534479615565854
979995596637241354
710342127154102313
762134769554292767
1003117841400221849
1015800331235512470
982791503028039712
685633249237663768
1029972901488767026
907102164609036319
1000251959648993420
965740544246562877
1029826446455226481
966173178760134737
702571986114838608
997970603309019227
990089085341274152
985383596208586762
898641972217118801
713099354382139463
1029992614847594537
944060311286214686
1000576018601480232
956441067467706368
896966642318315531
974730961830948896
688561122046902290
1028159194970468362
950192040929538128
1007890183284338769
1007462765239205908
1000638495670423603
946635724164304937
949162756509167706
699794480756293642
1000910477959905432
1155344023813378058
1078155216052043856
1143315903405109278
1178105016633008311
1179573647141257258
1181438745724059688
1041930870195486850
990088541197451356
1142290441086181436
1046604607318654976
1109255226227163197
1048106725418467338
1186145922388856882
1036092187189989417
1196665188552806460
1158924450343948349
1036108147569467432
1159672067084521512
1041205762904576081
894391006374539325
1143547651737002005
1181388987697471509
1115130424302256268
1113683442413080646
989012529642618910
1154839552293339226
1123367336448110603
1168672909456310422
1172397567133368320
1153913187595452496
952920924028538910
917290327168147466
983963724253634612
1153896771764891688
1095832584728100915
1073338593566801950
1002459553650200576
971887482260054066
1045517938515529818
1068199273340084294
1176363096793686026
769004484926898176
1048802863624749147
1093204655800062084
1080997334344798370
1046593617592070184
1175817743988179025
1028115952832876544
1092844235134349362
1174566770678440036
1147197408703426570
1093757980899553311
1114002027740147873
1155051646695505930
1107682713865027674
1103675376850448414
1049731558451445892
694541328339435610
1098092643189276713
1043748600821321808
952782214171611166
1045032993925890118
1156750179316289626
1148845882146574336
1041405541567696948
1075475673537327155
1118312236327383100
1050633061689196564
1150921140466896978
1071937071092076584
1156669660218015824
1163759450071511090
1075547609013440563
972266301806485606
1186140566250066081
1046996595989827635
1103781672949911662
1041058216664125531
1129649498252136460
1112647121527644190
1183126722216988743
1129518721933787206
1066927044140728450
1155066702485274634
1100992016634085436
1067236476397572198
1022337536573579404
1080999957378650172
1069415904380719258
1143727804207349832
893550231227072554
1079977369944723496
977429888032202803
1153149752955899945
1144741593170051152
1164040590124658688
1154909104813379644
1183954885092323408
1048096222507958293
1098373000769831003
947417857761873961
1157206680279449630
1047708341603930213
1106080681752264795
700888860954984529
1173117616999649441
1177401804510736395
1065836653702303764
687932262784040960
1023123920624291870
1166580382926372884
1093990256862306467
1108865839417004063
1036767799529439282
1107533146699866182
1152479158912417883
1046851791012233346
729367842847326219
1154152526900375552
1000555310756397056
1109333834064986182
1093671375643877386
1030578934212988929
1172376799192297482
1154134035275194378
1156451337010151424
1153910413721874503
1035731211487813683
964054672400871444
1080256759618359377
1159208846439485503
1047700763796840551
989071213655629824
1179666951539273788
698184377963773964
904177651323916288
1098989586207756398
1147328024879054848
816819617468514347
1178895108188409916
1107420888133013565
990166227819323412
1072986389794263080
1174581986476703864
687908645127847987
1087142974158278807
1087150809646637118
1040514797441142835
1143065086643150888
1145849782003302433
1042916571846283355
1157466835898335273
1071660996294361120
1158477552021680269
1085433849972002906
1163606730769440891
1048787274483109919
1051051588329943050
980198628708733019
1166206534477434931
1075551737814995047
1040480164913627197
1052350553151250442
1040798720893141093
1164067822905856051
1032876523285385216
1071902297564647514
1166130325693407295
700186679734042655
1152401582609141861
1037882696904474635
1003580453099421768
1097505786059563059
1050551733459353620
1134389428597559347
882549564643627038
1152378341815500840
1168627099163181218
1156849226110750730
1093737885578035343
1157142992319156315
1043640273697243267
1181362907477463050
703039416150654976
1007468077321031843
1142703836541243394
1157474977000464494
1098039771676291104
1075977786457596026
1160016223782842418
1119790542985908374
1076321260096737280
1172801464977076264
1172262890384932894
1150680993590685727
1178571590124965888
1171285426200387594
1152426773087264911
1142910320118071417
1045554304691486790
1168395451599425597
1085284082252001291
1086525792944660501
1113355533047562260
1123084980692734054
1070485681069097020
1071662342326190090
1156713760707313847
1109317706173399232
1094479281243041862
1152478326401806366
1037200791913640029
1032389224550387814
1048015771856551958
1085626815407726722
1097282170202107985
1103918267216695387
1149960140003479572
1048472480349700186
1020441091889188965
1182542318901919836
1141641188605165568
1169510493480816720
1085573167206117397
1088287234735755304
1049106956360634418
1172081058351693875
944060400452907068
986069593321791558
1107102079589285938
1194919775705518080
1032024318512738344
1036750171339501568
1032872367535439913
1083150506777640962
1042952363641679912
1075965828392034464
1045833274909540372
1166491139503821003
1148502213434556447
973043650898591756
1064377928189739068
1153170415619932170
1045517342358118410
1134400997528195092
1063336710160785469
1172071472047587339
1182537215771947109
1160391290593226822
1111087395677409300
1029946018478964756
1168035201746747443
1142587784859754498
1106827963086946314
1098359864662708364
1036758491135758426
1069109137096589413
947375149567606794
1185458104624742420
1000604311614668840
1181379558411337749
1170125283232329728
1102092456843034714
974716835276664852
986134477099110412
1030318163017080863
1083250176472395927
1128144772717088819
690015066585694216
1152726119246725220
1035383050407784528
1113564431205543987
1156468478358868079
1175587345727234299
1065840318555111424
1004969116194590740
1033176289101746267
945133227465666570
1144824316580593715
952372015325646860
1178477083131908228
1103933999392501810
1082499314024206347
1086415438193369138
1159628606042026094
701956468731281422
1197067568503078943
1032864759592259695
1072726105141821501
1088657947858583642
1111174608238936075
1096948840986333256
1155257973254393877
1065835582774849597
1169510537638445057
1078878632921014303
1172254646258110476
1156479314112552991
966172791072239656
1128104979501162527
1168633821634244759
1029986665726484521
1053223706442342401
1132544544861327530
1154983936590614599
1050561493223084032
1051366642178854972
1156339225181028452
1078155692101353513
1093727853138419753
1155346884228042802
1077365914770624562
1109258960957100142
1065466133790076928
1066852930566750219
1086482684353724548
1070804446323429378
1159674144980475975
1076718783542075442
1148818519958491237
1160999089169760387
1168763796647587870
1019049568651976714
1095767652288434236
1178904239884488755
1154986712842371082
1004563507347476490
985790567294324737
1048128543722307596
847706314221682699
1066927082220830830
1087467684763017357
1102044753610158161
1041931294495473694
1063760066957815819
1072233312090857503
1045852988301914112
1155973554802786416
1073021720434323538
1105555520737263757
1036092284271345745
1071575445893566504
1051312007384670218
1153193390670880789
1084644992246624386
1178560527358771361
1098101788210626600
1111375996592074833
1110761940835385405
1051048063768211476
1004640091265847306
1194895397244633168
1041146429881733181
1153903179835113594
1164409276396224512
1164049691302957128
1181932200338411530
1181810976081854484
1046289634386264185
913207965513842689
1063689173145489409
973043041071951892
1153802719740575805
1170523495709552710
1145599764017205258
1044822167826747453
1156734020445544459
1075900403201364068
1053387985426583673
1083450539473387590
1094735546569457776
900228740645265439
975615879062630440
961507568348463134
1103917938056110250
973058205498359869
1153907297463062551
1048016303908208721
1180751338947219506
1059727394409299988
1155064348151136256
1182555358749794364
984222435232592013
1157210934117421108
952360931764109323
995514597874335804
1173126502238400552
1093762827992453131
1045085253401858048
894727416575057920
1158195168583889047
1080310254388121620
970575685276008448
1154236424036569168
1075997482045165619
1081845518658965505
1041925516434870273
1035747606195880006
1071575358782062622
1104630300073525339
1171210246996365413
1176658789458509848
1096517069643722853
916514012945059870
1000535580142211213
1107532262301499454
1187956459783340093
1069388589214990336
1052350657966907462
1163609735245869156
1016505727126347797
1007432752544624640
1154910030668255252
1186876149402435694
1078870654834724976
1149222369215381546
1180682039507296266
1145948192282775564
1051038400142135317
1035715675324416001
1150609282304327741
1183498932014301244
1087594211492253726
1065852262926274600
1067716955697590294
1042501442931540061
1176024105326223450
1143297760511148165
1114064991428030505
1053912084615806987
1015807416916520991
1196240552149123114
1093756193601765446
1164749808335077416
1096174212105916526
1077470286913486898
1153214692806893689
1156433459246530590
1114009282191560736
1162226813083336784
1068088758160863272
1032131240956010556
1187575586323972207
1082382516494794792
1149217427855507486
1152475451051216956
1114370621229514864
1002411839759581275
1170919021969932289
1095832201217708102
1047033522084384768
1171692119690313768
1151380599022563329
1156426975846596648
1111539585776881684
1086482558780457041
1050624052437454928
1170444479627526204
1125880184734748682
1085616501857464380
1182466346240458853
1162631253648998440
1058482540043829388
1172082104021028895
1087361451557138443
1154841645750161428
1041181985822998598
1097394495701651486
1160312672634556467
1044830028518654032
1165429875751014561
1075979712104501308
1077656594977923143
1164307347045371934
1143667938889584720
1079540484487266334
1105260038831996948
1157475988964380703
1109273962975871028
1175310969094815774
1034724969734750208
1021542210614853662
1042943969283297281
1041959694484377670
1083169407540412437
1065142939422031902
1109965607304167495
1031941622625210388
1175326420533264437
1073471418219638784
692033503797313576
1051645222951587881
974513510698582046
1030311687968014347
1096605886539120803
953489978762096711
1181810846578528366
905671955246612481
1157801869360504984
1173926022106841138
1048780819973550121
1153972302480953374
1194178110820716595
1170792327187546232
1085309741942706218
944787216545243196
1107044877834911754
1114405346950254602
1077467028065112134
1102093111469027379
1034582656622534666
687908687779463170
1100616506221531156
1082559997231243297
1048010888113832097
1164363444481425419
1148147416059609150
1082797758987116686
696191440719577118
1166817116285050991
1153897252901888031
1194059720852504576
1157159583626833960
1098538514712379492
1154893819855249418
1093772690768281651
1089467989339934810
1103368440456163368
1040489614034616352
964762355265323108
1038810418401005579
987234874199003186
1075559033148297246
1065869484147093564
1106774120206716929
999189479405400104
696418133698936873
1154990840083652648
947746816357724170
1155975632543555686
1197067522944544788
1068681431192182784
1111379627110301798
1048012602325876856
1164807311869620274
1066170101902090330
1037926231695433728
1024360078935076865
1097411568980987914
990893138392547358
1033148918378274866
1034223443228491877
969724601464684585
1162896655276851252
1177862971016351806
1108883078966939741
1078393739342532618
1156781059338407976
1159209806238843000
1051293613595832381
1162149742545993859
1172201370384871505
1077807161272447007
889367630123765830
1154607816695365694
1085037911122124890
1050656132718399508
1145935810303115264
1181872285024522280
1171673512373649429
1073239636614336684
1009563214549356614
694338568159625297
1109335403468685312
1150944374436413600
1024524932698349599
1171683912586641489
1155253419783766177
1048785243299127358
1045581242856382554
1045348185985515580
1110762158825930795
1164415588341403688
1092221138492473505
1065132124635672599
1074078723134988308
1092272121406832680
1039370440197546035
823413414055247922
1154616734590959738
1111059424782594202
1148483294271377459
1118071258991566930
1147011346722983967
1041793195161423913
697499980461768774
1148844707242328125
1106437276667498576
1176346732674682931
1154552111502205019
1106760419231678555
1125157151124504788
1154925028660494357
1157901555853447198
1162507125352841338
1152810240249700382
987751230979858462
1072723151919788113
1180421068389883935
1024082893254950922
1043072507596517466
1152733681484570714
1070825641152360468
1086483614902005801
1183955294582214776
1037353051503198278
1034809936393277481
1195148610573176853
1030688677766111272
1113354497062875196
1086433757269082123
1068422936018567208
1088653688677081211
1156600001686937691
1116191006619095130
1076001192540372992
1152499401168797706
1109986072793989192
940489025469423676
965410465675092018
1075996407871311873
1163000125300416582
1078159446909386752
1145898761801957508
1021973157164372040
1150678207641681981
1051343275140857896
1155039017918795936
1158526037412556860
1104619933905723462
1049523198426878013
1045824684647796856
1151294911036018688
965377778516115548
1169173056078479390
1036104828927094905
1171688054130483261
1060783207747948594
1098088038531338322
1098248000909869207
1170061631082991738
1031597119380922500
1087493552805781605
688526790024888356
1069708156768370740
1155043557900566608
1085050924147429406
1044333753985683626
1154583118217490462
1180294898235224185
1141300260476563466
1092997890231783485
1083881351742234645
983097445615534151
986840082705170492
1040570254302126132
1093798786788237353
1061743100311130122
1172315144718655570
1114009447296139375
1037554356347732008
1068024713084948581
1033169769999908944
1113299770203705514
1171600918605733938
1166173325085638849
995510237261992016
1194178141023916042
1108885865981284443
1080914566403342458
1181430466784530442
1039769425836003399
1182107916812161115
1179667164169506916
1146333912885366835
1164049340982120558
1044864329952022609
1109942534144270347
1056456231327371315
832807767194468392
1001602607921512499
1034663797245362247
1043001649351888977
1027990374502899762
1164414879101370429
1081370608471920691
1040124290579836968
1152402787322310717
997983919330836552
1178135617075417180
1164359360441495623
1035750823310917755
1037923961037651998
1156435719603097732
1162147863300681738
1169515777045569596
1180358849069334528
1153969130370764810
1147434756733157376
1033860780958941215
1151005356189814854
1070448396852269227
1154608634513338419
1161077508934991963
1181410116562600057
1052350913018335252
1034546194535428240
1167586931929010246
1149856034316357652
1161748420067872818
1155031595821060226
1179310190416367667
957107191318466570
1146696196065337345
1041785008580481096
1074117459071737916
1065145725320704092
1152730582325923950
1102123519715840010
1084607052531384351
1044820481573924864
1196348321124585512
1041216276267290656
1069033064426123324
1086133813027033100
1179198973311991898
802386426141474828
1152474899194056765
1162894313198465044
1147011479342690398
1072210496008241304
1083557779119288320
1151040840173637664
1146346718451990548
1157144318977519736
1194178562727628800
1037202039178010706
1115995626325422131
1109253623273226290
1034234066326794361
1104472621262848100
1038870934041403552
982842017954533427
1151648332184297534
1079172101736517703
1094742148190060784
1151753435025256488
1114009164717494283
1152400251848765440
1051047699329318922
1084261458650611774
1085035374004420679
1174898359849451590
1164050638053842954
1183267176585629767
1086502311330840576
1066539980165501048
1158550071718199336
1149124718776029334
1108840429769728000
1048474629230039156
1078523143313948708